90270 13470
40392 95745
97181 35364
29903 8493
14288 78505
44816 68544
17327 34765
93821 34330
55343 8185
81818 11132
15604 93268
10732 22965
22384 28179
91968 99723
71521 66780
69026 9626
86639 78508
7608 67533
77192 87673
85984 98413
67662 91938
20269 26707
58293 65068
98792 28772
816 25010
94265 35705
35680 53232
12703 86459
77482 26802
17798 34529
61019 16182
2451 86891
50100 74156
72993 30432
18803 82009
68007 80764
2798 81095
10456 17869
83542 20609
74543 35261
36171 71436
15277 60311
48154 95385
94554 20190
57540 13076
51132 42160
87585 44297
95714 23810
74450 10851
65944 71474
64053 63033
79282 25878
24048 90423
93626 81025
73096 78069
920 51452
71857 7147
57796 62933
51816 5075
58111 10474
51086 29358
61456 63386
48778 89555
29709 23292
48990 80480
70246 99479
50653 13633
28837 80208
77873 75216
13072 90502
15431 13663
92292 81474
14037 4642
65132 59919
82831 9990
93373 35585
27325 34718
68970 43761
39523 56729
86834 29706
86138 57545
94370 61402
3476 45087
21600 7590
82038 21036
92636 92746
45296 50880
86820 79153
32984 46128
25817 68771
58082 78236
84778 72629
74265 74241
11387 84784
49788 5002
60466 75331
15796 35476
47489 96972
25001 3618
90480 10184
